camera_matrix:
- [788.9962872461164, 0.0, 627.0971100621931]
- [0.0, 790.378055853906, 345.54398722442954]
- [0.0, 0.0, 1.0]
dist_coefs:
- [0.07898490583963713, -0.050094270025822, -0.006732628640991619, 0.0014357674069558882,
  -0.20715099275443166]
rms: 0.7642084656171518
