L:[  42.73686555  715.24277647 1368.97402946]
L:[-114.38263807  741.43660431 1055.9425256 ]
M:[-1647.58799028  1052.11543762  1511.85360098]
M:[-1528.52907868  1127.75320685  1049.81850322]
S:[  -62.80333094 -1281.93800245  1380.53237127]
S:[   75.28295528 -1230.50047238  1047.87423047]